1e-07 1e-07 1e-07 1e-07 1e-07 1e-07 1e-07 1e-07 1e-07 1e-07 1e-07 2e-07 2e-07 
2e-07 2e-07 2e-07 2e-07 2e-07 2e-07 3e-07 3e-07 3e-07 3e-07 3e-07 3e-07 4e-07 
4e-07 4e-07 4e-07 5e-07 5e-07 5e-07 5e-07 6e-07 6e-07 6e-07 7e-07 7e-07 8e-07 
8e-07 9e-07 9e-07 1e-06 1e-06 1.1e-06 1.1e-06 1.2e-06 1.3e-06 1.3e-06 1.4e-06 
1.5e-06 1.6e-06 1.7e-06 1.7e-06 1.8e-06 1.9e-06 2.1e-06 2.2e-06 2.3e-06 2.4e-06 
2.5e-06 2.7e-06 2.8e-06 3e-06 3.1e-06 3.3e-06 3.4e-06 3.6e-06 3.8e-06 4e-06 
4.2e-06 4.4e-06 4.7e-06 4.9e-06 5.1e-06 5.4e-06 5.7e-06 5.9e-06 6.2e-06 6.6e-06 
6.9e-06 7.2e-06 7.6e-06 7.9e-06 8.3e-06 8.7e-06 9.1e-06 9.6e-06 1e-05 1.05e-05 
1.1e-05 1.15e-05 1.2e-05 1.26e-05 1.32e-05 1.38e-05 1.44e-05 1.51e-05 1.58e-05 
1.65e-05 1.72e-05 1.8e-05 1.88e-05 1.96e-05 2.05e-05 2.14e-05 2.23e-05 2.33e-05 
2.43e-05 2.53e-05 2.64e-05 2.75e-05 2.87e-05 2.99e-05 3.12e-05 3.25e-05 
3.38e-05 3.52e-05 3.67e-05 3.82e-05 3.97e-05 4.13e-05 4.3e-05 4.47e-05 4.65e-05 
4.83e-05 5.02e-05 5.22e-05 5.42e-05 5.63e-05 5.85e-05 6.08e-05 6.31e-05 
6.55e-05 6.79e-05 7.05e-05 7.31e-05 7.58e-05 7.86e-05 8.15e-05 8.44e-05 
8.75e-05 9.07e-05 9.39e-05 9.72e-05 0.0001007 0.0001042 0.0001079 0.0001116 
0.0001155 0.0001194 0.0001235 0.0001277 0.000132 0.0001364 0.0001409 0.0001456 
0.0001503 0.0001552 0.0001603 0.0001654 0.0001707 0.0001761 0.0001817 0.0001874 
0.0001932 0.0001992 0.0002053 0.0002116 0.000218 0.0002245 0.0002313 0.0002381 
0.0002451 0.0002523 0.0002596 0.0002671 0.0002747 0.0002825 0.0002905 0.0002986 
0.0003069 0.0003154 0.000324 0.0003328 0.0003417 0.0003509 0.0003602 0.0003696 
0.0003793 0.0003891 0.0003991 0.0004092 0.0004196 0.0004301 0.0004407 0.0004516 
0.0004626 0.0004738 0.0004852 0.0004967 0.0005084 0.0005203 0.0005323 0.0005445 
0.0005569 0.0005694 0.0005822 0.000595 0.000608 0.0006212 0.0006346 0.0006481 
0.0006617 0.0006755 0.0006894 0.0007035 0.0007178 0.0007321 0.0007466 0.0007613 
0.000776 0.0007909 0.0008059 0.000821 0.0008363 0.0008516 0.0008671 0.0008826 
0.0008982 0.000914 0.0009298 0.0009457 0.0009617 0.0009777 0.0009938 0.00101 
0.0010262 0.0010425 0.0010588 0.0010751 0.0010915 0.0011079 0.0011243 0.0011407 
0.0011571 0.0011735 0.0011899 0.0012063 0.0012227 0.001239 0.0012553 0.0012716 
0.0012878 0.0013039 0.00132 0.001336 0.0013519 0.0013678 0.0013835 0.0013991 
0.0014146 0.00143 0.0014453 0.0014604 0.0014754 0.0014903 0.0015049 0.0015195 
0.0015338 0.001548 0.001562 0.0015758 0.0015894 0.0016028 0.0016159 0.0016289 
0.0016416 0.0016541 0.0016664 0.0016784 0.0016902 0.0017017 0.001713 0.001724 
0.0017348 0.0017452 0.0017554 0.0017654 0.001775 0.0017844 0.0017934 0.0018022 
0.0018107 0.001819 0.0018269 0.0018346 0.0018419 0.001849 0.0018559 0.0018624 
0.0018687 0.0018748 0.0018806 0.0018861 0.0018914 0.0018965 0.0019014 0.0019061 
0.0019106 0.0019149 0.0019191 0.0019232 0.0019271 0.001931 0.0019348 0.0019386 
0.0019424 0.0019462 0.0019501 0.001954 0.0019581 0.0019623 0.0019668 0.0019715 
0.0019765 0.0019819 0.0019876 0.0019938 0.0020005 0.0020077 0.0020156 0.0020242 
0.0020335 0.0020436 0.0020546 0.0020666 0.0020796 0.0020938 0.0021091 0.0021256 
0.0021436 0.0021629 0.0021838 0.0022062 0.0022304 0.0022563 0.0022841 0.0023139 
0.0023456 0.0023795 0.0024156 0.002454 0.0024947 0.0025379 0.0025836 0.002632 
0.002683 0.0027367 0.0027932 0.0028526 0.0029149 0.0029801 0.0030484 0.0031196 
0.0031939 0.0032713 0.0033518 0.0034353 0.0035219 0.0036115 0.0037042 0.0037999 
0.0038985 0.0039999 0.0041042 0.0042112 0.0043208 0.004433 0.0045475 0.0046643 
0.0047833 0.0049042 0.0050269 0.0051512 0.005277 0.0054041 0.0055321 0.005661 
0.0057905 0.0059203 0.0060502 0.0061799 0.0063092 0.0064378 0.0065654 0.0066917 
0.0068165 0.0069395 0.0070604 0.0071788 0.0072945 0.0074073 0.0075167 0.0076226 
0.0077246 0.0078225 0.007916 0.0080048 0.0080888 0.0081676 0.008241 0.0083088 
0.0083708 0.0084268 0.0084766 0.0085201 0.0085571 0.0085875 0.0086111 0.0086279 
0.0086378 0.0086407 0.0086366 0.0086255 0.0086074 0.0085822 0.0085501 0.008511 
0.0084651 0.0084125 0.0083531 0.0082873 0.0082151 0.0081367 0.0080522 0.0079619 
0.0078659 0.0077645 0.0076579 0.0075463 0.0074301 0.0073094 0.0071845 0.0070557 
0.0069233 0.0067876 0.0066488 0.0065073 0.0063633 0.0062172 0.0060692 0.0059197 
0.0057688 0.005617 0.0054645 0.0053115 0.0051584 0.0050054 0.0048528 0.0047007 
0.0045495 0.0043994 0.0042506 0.0041033 0.0039577 0.003814 0.0036724 0.003533 
0.0033959 0.0032614 0.0031296 0.0030005 0.0028743 0.0027511 0.0026309 0.0025138 
0.0023999 0.0022893 0.0021819 0.0020777 0.0019769 0.0018794 0.0017852 0.0016944 
0.0016068 0.0015225 0.0014414 0.0013635 0.0012888 0.0012171 0.0011485 0.0010829 
0.0010203 0.0009605 0.0009034 0.0008491 0.0007974 0.0007483 0.0007017
